eval_loss = 1.1789589644233225
mcc = 0.6578878448314052
